-2.292148606880539674e-05 -4.666810274261967706e-05 1.608669800494945832e-05 -1.744052619629440481e-06 4.153568651868142503e-01 1.021931469457840747e+00
1.173695993494927592e-05 -3.523398363414198542e-05 1.189566703558117582e-05 4.667644246093597765e-06 -1.430743374875896590e-02 -2.745552862734125243e-01
3.657064485518279895e-05 -2.056603698452619255e-06 -3.720169431957520077e-05 5.631471976632799028e-08 -1.912427943022693977e-01 1.182005134061682103e-02
-6.435458256748294303e-05 2.906706143768200690e-05 -1.199313510353478649e-05 -2.861259439627363386e-06 1.099105344799530815e-02 5.256881094058971776e-02
-1.610066202684112824e-05 -1.711285840821918924e-05 -1.317119040381837297e-05 1.083488886771702501e-05 3.631623031900200749e-01 -7.081120784241459187e-01
-4.873880840194910746e-06 1.951998458632475675e-05 -5.804115406095014296e-05 1.082816581643796476e-05 4.730296681530990477e-02 -2.372886629938917302e-01
3.257704114278947571e-05 1.932379956182117553e-05 1.569024875982067888e-05 -5.323074722686189340e-06 5.271868665200352827e-02 3.830044889378498851e-01
-1.121684170035663897e-04 2.832366307536915428e-05 3.341362398873865669e-05 4.983194338867340134e-06 -1.389405373586307391e-01 3.240609424603163036e-01
1.642549445823870968e-05 -3.280105983394232538e-05 -5.386825381706927228e-06 -1.126836962506524844e-05 -3.196470613589780935e-02 5.332927966395415442e-01
7.202340728534872838e-05 -3.252853515073317325e-05 -1.555287631457074270e-05 1.185777259541411950e-06 8.718411387874133722e-02 1.715732191318587035e-02
-1.348178264437560614e-05 3.451785372787785633e-05 2.899242943398479434e-05 -9.760772301372348908e-06 1.722106218808730216e-01 -5.618426613548531401e-02
3.129737984775005089e-06 1.421865266948429962e-05 1.312829272283402486e-05 -7.325635172769558132e-06 1.102032792266479343e-02 -8.249681264161623506e-02
-4.596947504831305764e-05 7.873310185813053863e-06 -1.831464565934814461e-05 -7.809627741406452455e-07 -6.567618782114718889e-02 -2.581523147392887352e-01
3.462081228511326714e-05 -4.067743899160980448e-06 -5.006498435140935044e-07 4.405248549015630737e-06 -4.319741132802882438e-02 -2.542976409629457146e-01
-2.926706801020806381e-06 -4.211161266332030806e-05 -3.731059778070805332e-06 -3.193048406436927767e-06 -1.549299423039625367e-01 -2.647729315076358669e-01
1.300316223484809797e-05 2.077667430000484927e-05 5.218811625159013707e-05 1.939661759848135064e-06 -1.160654210240043421e-01 -7.732232713830169968e-02
3.488298540171852480e-05 3.582205962054940684e-05 -2.679330783844513745e-06 3.109747407988003979e-06 -2.191724912587187934e-01 -5.104857195557224031e-02
1.830015650344796185e-05 -3.837802395822986767e-06 -1.501203192844919618e-05 4.345773541703728965e-06 -1.341299040486638727e-01 -1.294412548720344502e-01
-4.967793371168927052e-06 3.264469976244077642e-05 2.144257528918847494e-05 -1.343820979483914209e-05 -3.002758662230677750e-02 -6.658121455574398002e-03
4.777336373884555343e-05 -3.133317259451651182e-05 7.395206005082202448e-06 4.021174918959917452e-06 -1.273382886982439288e-01 -2.729084091190062678e-01
5.092027933134568585e-05 -3.117169983751777451e-05 -2.843795017517393788e-06 -7.177925645322196177e-06 5.740338195571914603e-02 -5.147666226952084256e-02
4.930568750560748725e-06 -1.541447629177516987e-05 4.599075608162757562e-05 -5.102684220502531318e-06 8.412283664812190975e-02 1.180093554695341856e-01
-1.056124820841830569e-04 -7.822822710501498022e-06 -3.723392904712334518e-05 -8.686641723479373027e-07 -2.126513699603106156e-01 1.794218167921615356e-02
-1.203042570629975216e-05 1.559889794977564748e-05 1.043255116880377303e-05 7.251448832790351876e-06 -1.365997526096091041e-01 -2.866213610580226612e-01
1.846082904899404298e-05 8.235625069685781341e-06 -3.220520049147451778e-05 1.343649314350277020e-06 7.690779675570966201e-02 -1.601252439733566295e-04
1.212744653611430579e-05 2.781725411105107071e-05 2.913541962707605499e-06 2.633035153297837502e-06 8.846566454512863609e-02 3.014816873078618800e-02
4.767797580362831411e-05 6.141167432249794444e-06 1.627434057554659258e-05 -4.942565450851098433e-06 2.006873240993629348e-01 1.774686377143606386e-01
-6.608801309737621921e-05 -4.320391888912311629e-06 7.848464632144238630e-06 -2.698568677989896563e-06 2.608393227206837542e-02 -2.665536647162915496e-01
1.819954931697731482e-05 8.312315739333886455e-06 -2.676960581499297632e-05 1.091204212140174740e-05 -2.084030256225421207e-01 2.397107152880804115e-01
-1.864707421583844393e-06 -1.712153405941663209e-06 -3.055387959095563580e-06 3.968026173883390067e-06 1.310289778404010730e-01 3.509355508646438415e-01
